[
  {
    "ambiguity": [],
    "reference": "00d42bed-778d-2ac6-86a7-0e0e5f5f5660",
    "scans": [
      {
        "reference": "00d42bef-778d-2ac6-848a-008ef6c19ad6",
        "rigid": [
          40
        ]
      }
    ],
    "type": "test"
  },
  {
    "ambiguity": [],
    "reference": "02b33dfb-be2b-2d54-92d2-cd012b2b3c40",
    "scans": [
      {
        "nonrigid": [],
        "reference": "fcf66d9e-622d-291c-84c2-bb23dfe31327",
        "removed": [],
        "rigid": [
          {
            "instance_reference": 30,
            "instance_rescan": 30,
            "symmetry": 0,
            "transform": [
              0.78646260499954224,
              -0.61360883712768555,
              0.070431709289550781,
              0,
              0.61762291193008423,
              0.78210538625717163,
              -0.08278355747461319,
              0,
              -0.0042882934212684631,
              0.10860642045736313,
              0.99407553672790527,
              0,
              -0.015237279236316681,
              0.2942926287651062,
              0.084087736904621124,
              1
            ]
          },
          {
            "instance_reference": 12,
            "instance_rescan": 12,
            "symmetry": 0,
            "transform": [
              0.79878640174865723,
              -0.59807217121124268,
              -0.065191060304641724,
              0,
              0.59968686103820801,
              0.80020618438720703,
              0.0067588617093861103,
              0,
              0.048124004155397415,
              -0.044493108987808228,
              0.99784988164901733,
              0,
              0.05569322407245636,
              0.087218478322029114,
              -0.062486849725246429,
              1
            ]
          },
          {
            "instance_reference": 27,
            "instance_rescan": 27,
            "symmetry": 0,
            "transform": [
              0.74462634325027466,
              -0.60953164100646973,
              0.27203387022018433,
              0,
              0.64478427171707153,
              0.76223260164260864,
              -0.057046029716730118,
              0,
              -0.17258173227310181,
              0.21788118779659271,
              0.96059513092041016,
              0,
              -0.22396092116832733,
              0.37212657928466797,
              0.05086250975728035,
              1
            ]
          }
        ],
        "transform": [
          0.79644620418548584,
          0.60466974973678589,
          -0.0069280336610972881,
          0,
          -0.60469919443130493,
          0.79644721746444702,
          -0.0032921808306127787,
          0,
          0.0035271304659545422,
          0.0068114208988845348,
          0.99997061491012573,
          0,
          0.090128630399703979,
          -0.099656671285629272,
          0.0094889970496296883,
          1
        ]
      },
      {
        "nonrigid": [],
        "reference": "02b33df9-be2b-2d54-9062-1253be3ce186",
        "removed": [],
        "rigid": [
          {
            "instance_reference": 16,
            "instance_rescan": 16,
            "symmetry": 0,
            "transform": [
              -0.91960126161575317,
              -0.39156150817871094,
              0.031825941056013107,
              0,
              0.39283847808837891,
              -0.91723638772964478,
              0.065993368625640869,
              0,
              0.0033514525275677443,
              0.073190055787563324,
              0.99731230735778809,
              0,
              -0.09434230625629425,
              0.068162120878696442,
              -0.14261649549007416,
              1
            ]
          },
          {
            "instance_reference": 30,
            "instance_rescan": 30,
            "symmetry": 0,
            "transform": [
              -0.99078464508056641,
              -0.12336552143096924,
              0.055915828794240952,
              0,
              0.11437159031629562,
              -0.98315876722335815,
              -0.14254079759120941,
              0,
              0.072558768093585968,
              -0.13483206927776337,
              0.98820817470550537,
              0,
              0.095829315483570099,
              -0.17702975869178772,
              -0.0063657239079475403,
              1
            ]
          },
          {
            "instance_reference": 12,
            "instance_rescan": 12,
            "symmetry": 0,
            "transform": [
              -0.97522300481796265,
              -0.17206229269504547,
              -0.13904900848865509,
              0,
              0.18222689628601074,
              -0.98117643594741821,
              -0.063922755420207977,
              0,
              -0.12543290853500366,
              -0.087677404284477234,
              0.98822021484375,
              0,
              -0.21290144324302673,
              -0.11361256986856461,
              -0.26142692565917969,
              1
            ]
          }
        ],
        "transform": [
          -0.97276532649993896,
          0.23163896799087524,
          0.0084292106330394745,
          0,
          -0.23167036473751068,
          -0.97278988361358643,
          -0.0029487751889973879,
          0,
          0.0075167999602854252,
          -0.0048212646506726742,
          0.99996018409729004,
          0,
          -0.073411412537097931,
          -0.038804352283477783,
          0.12842673063278198,
          1
        ]
      },
      {
        "nonrigid": [],
        "reference": "02b33dfd-be2b-2d54-91d2-55454852009e",
        "removed": [],
        "rigid": [
          {
            "instance_reference": 30,
            "instance_rescan": 30,
            "symmetry": 0,
            "transform": [
              -0.99737370014190674,
              0.017049778252840042,
              0.070391431450843811,
              0,
              -0.025068439543247223,
              -0.99308919906616211,
              -0.11465396732091904,
              0,
              0.067950151860713959,
              -0.1161174550652504,
              0.99090844392776489,
              0,
              0.18943272531032562,
              0.16571336984634399,
              -0.16333502531051636,
              1
            ]
          },
          {
            "instance_reference": 16,
            "instance_rescan": 16,
            "symmetry": 0,
            "transform": [
              -0.99014043807983398,
              -0.13912245631217957,
              -0.016329456120729446,
              0,
              0.1380952000617981,
              -0.98901569843292236,
              0.052703861147165298,
              0,
              -0.023482378572225571,
              0.049929209053516388,
              0.99847668409347534,
              0,
              -0.19152626395225525,
              0.25750872492790222,
              -0.2860645055770874,
              1
            ]
          }
        ],
        "transform": [
          -0.99993640184402466,
          0.0018145537469536066,
          0.011128844693303108,
          0,
          -0.0018359746318310499,
          -0.99999642372131348,
          -0.0019148931605741382,
          0,
          0.011125330813229084,
          -0.0019352036761119962,
          0.99993622303009033,
          0,
          -0.16611625254154205,
          0.17707550525665283,
          0.28387773036956787,
          1
        ]
      }
    ],
    "type": "train"
  },
  {
    "ambiguity": [],
    "reference": "02b33e01-be2b-2d54-93fb-4145a709cec5",
    "scans": [
      {
        "nonrigid": [],
        "reference": "fcf66d8a-622d-291c-8429-0e1109c6bb26",
        "removed": [],
        "rigid": [
          {
            "instance_reference": 100,
            "instance_rescan": 100,
            "symmetry": 0,
            "transform": [
              0.86846262216567993,
              0.49502468109130859,
              0.026893950998783112,
              0,
              -0.49437075853347778,
              0.86881363391876221,
              -0.027575839310884476,
              0,
              -0.037016551941633224,
              0.010653000324964523,
              0.99925786256790161,
              0,
              0.21408389508724213,
              0.21611937880516052,
              0.10664097964763641,
              1
            ]
          },
          {
            "instance_reference": 29,
            "instance_rescan": 29,
            "symmetry": 0,
            "transform": [
              0.99881577491760254,
              0.048648249357938766,
              -0.00054954033112153411,
              0,
              -0.048555832356214523,
              0.99608451128005981,
              -0.07387736439704895,
              0,
              -0.0030466115567833185,
              0.073816560208797455,
              0.99726712703704834,
              0,
              0.398967444896698,
              -0.50637835264205933,
              -1.6275928020477295,
              1
            ]
          }
        ],
        "transform": [
          0.87507492303848267,
          -0.48398181796073914,
          -0.0023372489959001541,
          0,
          0.48395395278930664,
          0.87494736909866333,
          0.015990251675248146,
          0,
          -0.0056940214708447456,
          -0.015123789198696613,
          0.99986940622329712,
          0,
          -0.22032935917377472,
          -0.094032712280750275,
          -0.063871011137962341,
          1
        ]
      },
      {
        "nonrigid": [],
        "reference": "fcf66d88-622d-291c-871f-699b2d063630",
        "removed": [],
        "rigid": [
          {
            "instance_reference": 10,
            "instance_rescan": 10,
            "symmetry": 1,
            "transform": [
              0.73248863220214844,
              -0.68029522895812988,
              -0.025666683912277222,
              0,
              0.68073761463165283,
              0.73234015703201294,
              0.016558147966861725,
              0,
              0.0075323116034269333,
              -0.029600935056805611,
              0.99953335523605347,
              0,
              0.78533691167831421,
              -1.1060110330581665,
              0.018291741609573364,
              1
            ]
          },
          {
            "instance_reference": 12,
            "instance_rescan": 12,
            "symmetry": 0,
            "transform": [
              -0.42495974898338318,
              -0.89819049835205078,
              -0.11252962797880173,
              0,
              0.90369647741317749,
              -0.42814826965332031,
              0.0046581067144870758,
              0,
              -0.052363220602273941,
              -0.099713131785392761,
              0.99363738298416138,
              0,
              -0.5134880542755127,
              -1.2507332563400269,
              -0.1190340667963028,
              1
            ]
          }
        ],
        "transform": [
          0.80756765604019165,
          0.58486330509185791,
          -0.075957275927066803,
          0,
          -0.58728307485580444,
          0.80928528308868408,
          -0.012500831857323647,
          0,
          0.054159816354513168,
          0.054703682661056519,
          0.9970327615737915,
          0,
          -0.92212486267089844,
          -0.54350262880325317,
          -0.10600411891937256,
          1
        ]
      },
      {
        "nonrigid": [
          23
        ],
        "reference": "02b33e03-be2b-2d54-9129-5d28efdd68fa",
        "removed": [],
        "rigid": [
          {
            "instance_reference": 10,
            "instance_rescan": 10,
            "symmetry": 1,
            "transform": [
              0.69944345951080322,
              -0.71225512027740479,
              -0.058922134339809418,
              0,
              0.71323996782302856,
              0.70089554786682129,
              -0.005853001493960619,
              0,
              0.045467101037502289,
              -0.037931811064481735,
              0.99824583530426025,
              0,
              0.37193474173545837,
              -0.34854930639266968,
              -0.20041684806346893,
              1
            ]
          }
        ],
        "transform": [
          0.7585446834564209,
          0.65149730443954468,
          0.012715190649032593,
          0,
          -0.65153926610946655,
          0.75799596309661865,
          0.030627740547060966,
          0,
          0.010315770283341408,
          -0.031516958028078079,
          0.99944961071014404,
          0,
          -0.42278742790222168,
          -0.12644004821777344,
          0.058714315295219421,
          1
        ]
      }
    ],
    "type": "train"
  },
  {
    "ambiguity": [],
    "reference": "095821f7-e2c2-2de1-9568-b9ce59920e29",
    "scans": [
      {
        "nonrigid": [],
        "reference": "2e369567-e133-204c-909a-c5da44bb58df",
        "removed": [],
        "rigid": [
          {
            "instance_reference": 4,
            "instance_rescan": 4,
            "symmetry": 0,
            "transform": [
              -0.25189566612243652,
              0.96613824367523193,
              0.055907581001520157,
              0,
              -0.96775203943252563,
              -0.25160449743270874,
              -0.012302933260798454,
              0,
              0.0021802636329084635,
              -0.057203724980354309,
              0.99836039543151855,
              0,
              -0.69359445571899414,
              -0.73987525701522827,
              -0.18961766362190247,
              1
            ]
          },
          {
            "instance_reference": 2,
            "instance_rescan": 2,
            "symmetry": 0,
            "transform": [
              -0.21408116817474365,
              0.97642374038696289,
              0.027682231739163399,
              0,
              -0.97661477327346802,
              -0.21452639997005463,
              0.014227400533854961,
              0,
              0.019830532371997833,
              -0.023989047855138779,
              0.99951595067977905,
              0,
              -0.79745340347290039,
              -0.67409807443618774,
              -0.075111627578735352,
              1
            ]
          },
          {
            "instance_reference": 3,
            "instance_rescan": 3,
            "symmetry": 0,
            "transform": [
              -0.21508093178272247,
              0.97659635543823242,
              -0.00037165835965424776,
              0,
              -0.97619611024856567,
              -0.21500365436077118,
              -0.028546415269374847,
              0,
              -0.027958223596215248,
              -0.0057769771665334702,
              0.99959278106689453,
              0,
              -0.83729302883148193,
              -0.66711616516113281,
              -0.013355765491724014,
              1
            ]
          },
          {
            "instance_reference": 8,
            "instance_rescan": 8,
            "symmetry": 2,
            "transform": [
              -0.18540413677692413,
              0.96742618083953857,
              0.17237268388271332,
              0,
              -0.98113638162612915,
              -0.19201858341693878,
              0.022376395761966705,
              0,
              0.054746244102716446,
              -0.16497235000133514,
              0.98477804660797119,
              0,
              -0.69964039325714111,
              -0.78308618068695068,
              -0.02240542508661747,
              1
            ]
          },
          {
            "instance_reference": 10,
            "instance_rescan": 10,
            "symmetry": 2,
            "transform": [
              -0.97209841012954712,
              -0.23352491855621338,
              -0.022163266316056252,
              0,
              0.23326756060123444,
              -0.97231775522232056,
              0.013599303551018238,
              0,
              -0.024725502356886864,
              0.0080498866736888885,
              0.99966228008270264,
              0,
              -0.43548989295959473,
              0.60605305433273315,
              -0.012977465987205505,
              1
            ]
          },
          {
            "instance_reference": 6,
            "instance_rescan": 6,
            "symmetry": 2,
            "transform": [
              -0.21431460976600647,
              0.97668337821960449,
              -0.012618656270205975,
              0,
              -0.97674012184143066,
              -0.21419931948184967,
              0.0098869269713759422,
              0,
              0.0069534857757389545,
              0.01444405410438776,
              0.99987190961837769,
              0,
              -0.80449527502059937,
              -0.63443559408187866,
              -0.00074236281216144562,
              1
            ]
          }
        ],
        "transform": [
          -0.21349796652793884,
          -0.97693115472793579,
          -0.0048906933516263962,
          0,
          0.97685396671295166,
          -0.21354348957538605,
          0.012463229708373547,
          0,
          -0.013220090419054031,
          -0.0021166191436350346,
          0.99991005659103394,
          0,
          0.45932400226593018,
          -0.9446074366569519,
          0.013811229728162289,
          1
        ]
      },
      {
        "nonrigid": [],
        "reference": "095821f9-e2c2-2de1-9707-8f735cd1c148",
        "removed": [],
        "rigid": [
          {
            "instance_reference": 3,
            "instance_rescan": 3,
            "symmetry": 0,
            "transform": [
              0.95090603828430176,
              0.30737864971160889,
              -0.036001767963171005,
              0,
              -0.30917748808860779,
              0.94866847991943359,
              -0.066615141928195953,
              0,
              0.013677662238478661,
              0.074475675821304321,
              0.99712920188903809,
              0,
              0.53516602516174316,
              -0.28162908554077148,
              0.18877232074737549,
              1
            ]
          },
          {
            "instance_reference": 8,
            "instance_rescan": 8,
            "symmetry": 2,
            "transform": [
              0.92992585897445679,
              0.35478857159614563,
              -0.096763283014297485,
              0,
              -0.35806813836097717,
              0.93351513147354126,
              -0.018357234075665474,
              0,
              0.083817027509212494,
              0.051718711853027344,
              0.99513822793960571,
              0,
              0.69001924991607666,
              -0.28454819321632385,
              0.12436182796955109,
              1
            ]
          },
          {
            "instance_reference": 10,
            "instance_rescan": 10,
            "symmetry": 2,
            "transform": [
              0.96156489849090576,
              0.27108478546142578,
              -0.043660029768943787,
              0,
              -0.26835396885871887,
              0.961475670337677,
              0.059590049088001251,
              0,
              0.058132003992795944,
              -0.045583337545394897,
              0.99726784229278564,
              0,
              1.8239386081695557,
              -0.63684022426605225,
              0.16317689418792725,
              1
            ]
          },
          {
            "instance_reference": 2,
            "instance_rescan": 2,
            "symmetry": 0,
            "transform": [
              0.94569253921508789,
              0.32491841912269592,
              -0.0096863824874162674,
              0,
              -0.32505419850349426,
              0.94503051042556763,
              -0.035457871854305267,
              0,
              -0.0023669905494898558,
              0.036680847406387329,
              0.99932438135147095,
              0,
              0.55269628763198853,
              -0.2962992787361145,
              0.12857970595359802,
              1
            ]
          },
          {
            "instance_reference": 4,
            "instance_rescan": 4,
            "symmetry": 0,
            "transform": [
              0.93928241729736328,
              0.34178018569946289,
              0.030572973191738129,
              0,
              -0.34270519018173218,
              0.93885725736618042,
              0.033170577138662338,
              0,
              -0.01736660860478878,
              -0.041634045541286469,
              0.99898207187652588,
              0,
              0.5278128981590271,
              -0.38972747325897217,
              0.071731984615325928,
              1
            ]
          },
          {
            "instance_reference": 6,
            "instance_rescan": 6,
            "symmetry": 2,
            "transform": [
              0.92322307825088501,
              0.3834819495677948,
              -0.024511907249689102,
              0,
              -0.38266825675964355,
              0.92332381010055542,
              0.0322231724858284,
              0,
              0.034989431500434875,
              -0.020369237288832664,
              0.99918025732040405,
              0,
              0.57522928714752197,
              -0.46252793073654175,
              0.14354591071605682,
              1
            ]
          }
        ],
        "transform": [
          0.94303303956985474,
          -0.33265644311904907,
          0.0053148525767028332,
          0,
          0.33258363604545593,
          0.94300645589828491,
          0.011263403110206127,
          0,
          -0.0087587861344218254,
          -0.0088541349396109581,
          0.99992233514785767,
          0,
          -0.42789238691329956,
          0.47738435864448547,
          -0.10655134171247482,
          1
        ]
      },
      {
        "nonrigid": [],
        "reference": "095821fb-e2c2-2de1-94df-20f2cb423bcb",
        "removed": [],
        "rigid": [
          {
            "instance_reference": 6,
            "instance_rescan": 6,
            "symmetry": 2,
            "transform": [
              0.87885594367980957,
              -0.42781540751457214,
              0.21115516126155853,
              0,
              0.47366818785667419,
              0.83533680438995361,
              -0.27901819348335266,
              0,
              -0.057017400860786438,
              0.34523427486419678,
              0.93678319454193115,
              0,
              1.2981805801391602,
              1.4187872409820557,
              -0.80885404348373413,
              1
            ]
          },
          {
            "instance_reference": 2,
            "instance_rescan": 2,
            "symmetry": 0,
            "transform": [
              0.98744982481002808,
              0.15777616202831268,
              -0.0070433793589472771,
              0,
              -0.1579257994890213,
              0.98598611354827881,
              -0.05376657098531723,
              0,
              -0.0015384085709229112,
              0.054204121232032776,
              0.99852871894836426,
              0,
              0.37190347909927368,
              0.2861599326133728,
              0.02293175645172596,
              1
            ]
          },
          {
            "instance_reference": 4,
            "instance_rescan": 4,
            "symmetry": 0,
            "transform": [
              0.65001595020294189,
              0.75991517305374146,
              -0.0029398920014500618,
              0,
              -0.75979715585708618,
              0.64997506141662598,
              0.015524955466389656,
              0,
              0.013708503916859627,
              -0.0078577436506748199,
              0.99987530708312988,
              0,
              0.89543497562408447,
              -1.1407516002655029,
              0.052654184401035309,
              1
            ]
          },
          {
            "instance_reference": 3,
            "instance_rescan": 3,
            "symmetry": 0,
            "transform": [
              0.98399472236633301,
              0.17819708585739136,
              0.00057314889272674918,
              0,
              -0.1780925840139389,
              0.98351812362670898,
              -0.031228071078658104,
              0,
              -0.0061284536495804787,
              0.030626183375716209,
              0.99951213598251343,
              0,
              0.34123063087463379,
              0.18859019875526428,
              0.049476668238639832,
              1
            ]
          },
          {
            "instance_reference": 11,
            "instance_rescan": 11,
            "symmetry": 0,
            "transform": [
              0.51895046234130859,
              0.82588684558868408,
              -0.2204573005437851,
              0,
              -0.83412164449691772,
              0.54565274715423584,
              0.080649048089981079,
              0,
              0.18690012395381927,
              0.14203536510467529,
              0.97205674648284912,
              0,
              1.2783513069152832,
              -1.2947461605072021,
              0.59947341680526733,
              1
            ]
          },
          {
            "instance_reference": 8,
            "instance_rescan": 8,
            "symmetry": 2,
            "transform": [
              0.932201087474823,
              0.24607829749584198,
              0.26541748642921448,
              0,
              -0.25987881422042847,
              0.96548044681549072,
              0.017615683376789093,
              0,
              -0.25192055106163025,
              -0.085397742688655853,
              0.96397250890731812,
              0,
              0.13732403516769409,
              0.080657288432121277,
              0.015074547380208969,
              1
            ]
          },
          {
            "instance_reference": 10,
            "instance_rescan": 10,
            "symmetry": 2,
            "transform": [
              0.96852689981460571,
              0.24876759946346283,
              -0.0084047466516494751,
              0,
              -0.24662424623966217,
              0.95452225208282471,
              -0.16752305626869202,
              0,
              -0.033651791512966156,
              0.16432338953018188,
              0.98583239316940308,
              0,
              0.28787559270858765,
              0.3002568781375885,
              0.082857906818389893,
              1
            ]
          }
        ],
        "transform": [
          0.97899627685546875,
          -0.20387829840183258,
          0,
          0,
          0.20387829840183258,
          0.97899627685546875,
          0,
          0,
          0,
          0,
          1,
          0,
          -0.43276324868202209,
          -0.12086856365203857,
          0,
          1
        ]
      }
    ],
    "type": "validation"
  },
  {
    "ambiguity": [
      [
        {
          "instance_source": 10,
          "instance_target": 13,
          "transform": [
            0.56080400943756104,
            -0.82697880268096924,
            -0.040065251290798187,
            0,
            0.82769262790679932,
            0.56117731332778931,
            0.0022853398695588112,
            0,
            0.020593781024217606,
            -0.034443333745002747,
            0.99919456243515015,
            0,
            0.72823667526245117,
            -0.20592816174030304,
            -0.042166028171777725,
            1
          ]
        },
        {
          "instance_source": 13,
          "instance_target": 10,
          "transform": [
            0.53586524724960327,
            0.84330719709396362,
            0.041004735976457596,
            0,
            -0.8441963791847229,
            0.53593868017196655,
            0.010109832510352135,
            0,
            -0.013450328260660172,
            -0.04003356397151947,
            0.99910777807235718,
            0,
            -0.54051464796066284,
            -0.50169295072555542,
            -0.018330294638872147,
            1
          ]
        }
      ]
    ],
    "reference": "0958220d-e2c2-2de1-9710-c37018da1883",
    "scans": [
      {
        "nonrigid": [],
        "reference": "0958220b-e2c2-2de1-96bc-739f09c1e8f8",
        "removed": [],
        "rigid": [
          {
            "instance_reference": 13,
            "instance_rescan": 13,
            "symmetry": 0,
            "transform": [
              0.5727846622467041,
              -0.81970304250717163,
              0.0021386551670730114,
              0,
              0.81962263584136963,
              0.57276171445846558,
              0.012762562371790409,
              0,
              -0.011686448939144611,
              -0.0055573089048266411,
              0.99991625547409058,
              0,
              0.62382107973098755,
              0.065365530550479889,
              -0.020761899650096893,
              1
            ]
          }
        ],
        "transform": [
          0.58171027898788452,
          0.81327563524246216,
          -0.013992739841341972,
          0,
          -0.81336969137191772,
          0.58146673440933228,
          -0.018062498420476913,
          0,
          -0.0065534785389900208,
          0.021888410672545433,
          0.99973893165588379,
          0,
          -0.33067166805267334,
          -0.55163830518722534,
          0.043355006724596024,
          1
        ]
      },
      {
        "nonrigid": [],
        "reference": "09582205-e2c2-2de1-9475-1cdac7639e60",
        "removed": [],
        "rigid": [
          {
            "instance_reference": 10,
            "instance_rescan": 10,
            "symmetry": 0,
            "transform": [
              0.98452484607696533,
              0.17342954874038696,
              0.025155238807201385,
              0,
              -0.17335030436515808,
              0.98484575748443604,
              -0.0053136320784687996,
              0,
              -0.025695567950606346,
              0.00087074429029598832,
              0.99966943264007568,
              0,
              -0.0611446313560009,
              0.11334451287984848,
              0.068732261657714844,
              1
            ]
          },
          {
            "instance_reference": 13,
            "instance_rescan": 13,
            "symmetry": 0,
            "transform": [
              0.95719766616821289,
              -0.28929147124290466,
              0.0091080982238054276,
              0,
              0.28937056660652161,
              0.95717430114746094,
              -0.0090515380725264549,
              0,
              -0.0060995039530098438,
              0.011299737729132175,
              0.99991762638092041,
              0,
              -0.5160527229309082,
              0.39763787388801575,
              0.031589865684509277,
              1
            ]
          }
        ],
        "transform": [
          0.98239004611968994,
          -0.18677924573421478,
          0.0048380210064351559,
          0,
          0.18651103973388672,
          0.98186194896697998,
          0.034070927649736404,
          0,
          -0.011114010587334633,
          -0.032568600028753281,
          0.99940770864486694,
          0,
          -0.056691501289606094,
          -0.080870158970355988,
          -0.064633272588253021,
          1
        ]
      },
      {
        "nonrigid": [],
        "reference": "09582207-e2c2-2de1-972c-225d968c2ab4",
        "removed": [],
        "rigid": [
          {
            "instance_reference": 10,
            "instance_rescan": 10,
            "symmetry": 0,
            "transform": [
              0.99907654523849487,
              -0.042797882109880447,
              -0.003785185981541872,
              0,
              0.042744424194097519,
              0.99899846315383911,
              -0.013226776383817196,
              0,
              0.0043474729172885418,
              0.013052767142653465,
              0.9999052882194519,
              0,
              0.01605784147977829,
              -0.044223815202713013,
              -0.00056453613797202706,
              1
            ]
          },
          {
            "instance_reference": 13,
            "instance_rescan": 13,
            "symmetry": 0,
            "transform": [
              0.89442777633666992,
              -0.44558164477348328,
              0.038155801594257355,
              0,
              0.44542253017425537,
              0.8952254056930542,
              0.013044456019997597,
              0,
              -0.039970416575670242,
              0.005328131839632988,
              0.99918663501739502,
              0,
              -0.43186479806900024,
              0.37454348802566528,
              -0.029879998415708542,
              1
            ]
          },
          {
            "instance_reference": 11,
            "instance_rescan": 11,
            "symmetry": 1,
            "transform": [
              0.15362466871738434,
              -0.98797190189361572,
              -0.01763075590133667,
              0,
              0.9881255030632019,
              0.15364831686019897,
              0.000014767281754757278,
              0,
              0.0026943462435156107,
              -0.017423670738935471,
              0.99984449148178101,
              0,
              0.19998985528945923,
              -0.081996522843837738,
              0.0061251767911016941,
              1
            ]
          }
        ],
        "transform": [
          0.99959540367126465,
          0.028443669900298119,
          0,
          0,
          -0.028443669900298119,
          0.99959540367126465,
          0,
          0,
          0,
          0,
          1,
          0,
          0.001291856518946588,
          0.059285432100296021,
          0,
          1
        ]
      },
      {
        "nonrigid": [],
        "reference": "09582209-e2c2-2de1-9610-08baed932919",
        "removed": [
          11
        ],
        "rigid": [
          {
            "instance_reference": 10,
            "instance_rescan": 10,
            "symmetry": 0,
            "transform": [
              0.95770442485809326,
              0.28759264945983887,
              -0.0096252495422959328,
              0,
              -0.28761512041091919,
              0.95774555206298828,
              -0.001005355385132134,
              0,
              0.0089294062927365303,
              0.0037312002386897802,
              0.99995321035385132,
              0,
              0.16325059533119202,
              0.42246848344802856,
              -0.12955309450626373,
              1
            ]
          },
          {
            "instance_reference": 13,
            "instance_rescan": 13,
            "symmetry": 0,
            "transform": [
              0.95800399780273438,
              0.28653842210769653,
              -0.011137610301375389,
              0,
              -0.28643906116485596,
              0.9580492377281189,
              0.0097095128148794174,
              0,
              0.013452527113258839,
              -0.0061115049757063389,
              0.99989080429077148,
              0,
              0.14210222661495209,
              0.44842886924743652,
              -0.14052113890647888,
              1
            ]
          }
        ],
        "transform": [
          0.95449429750442505,
          -0.29822942614555359,
          0,
          0,
          0.29822942614555359,
          0.95449429750442505,
          0,
          0,
          0,
          0,
          1,
          0,
          -0.30529758334159851,
          -0.3705519437789917,
          0,
          1
        ]
      }
    ],
    "type": "train"
  },
  {
    "ambiguity": [
      [
        {
          "instance_source": 7,
          "instance_target": 8,
          "transform": [
            -0.99866008758544922,
            0.017289375886321068,
            0.048775769770145416,
            0,
            -0.016743579879403114,
            -0.99979281425476074,
            0.011576409451663494,
            0,
            0.048965811729431152,
            0.010744216851890087,
            0.99874264001846313,
            0,
            -0.69841694831848145,
            1.323327898979187,
            0.029383830726146698,
            1
          ]
        },
        {
          "instance_source": 8,
          "instance_target": 7,
          "transform": [
            -0.97421079874038696,
            -0.035654902458190918,
            0.22280514240264893,
            0,
            0.053875058889389038,
            -0.99563312530517578,
            0.076239101588726044,
            0,
            0.21911385655403137,
            0.0862765833735466,
            0.9718773365020752,
            0,
            -0.58124488592147827,
            1.3718633651733398,
            -0.076346799731254578,
            1
          ]
        }
      ]
    ],
    "reference": "09582212-e2c2-2de1-9700-fa44b14fbded",
    "scans": [
      {
        "nonrigid": [],
        "reference": "0958221b-e2c2-2de1-96b1-6233099811a0",
        "removed": [],
        "rigid": [
          {
            "instance_reference": 7,
            "instance_rescan": 7,
            "symmetry": 0,
            "transform": [
              -0.24938866496086121,
              -0.96427953243255615,
              0.089277341961860657,
              0,
              0.96509438753128052,
              -0.2550927996635437,
              -0.059333495795726776,
              0,
              0.079988077282905579,
              0.071363970637321472,
              0.99423795938491821,
              0,
              0.64784854650497437,
              0.93503004312515259,
              -0.055588297545909882,
              1
            ]
          },
          {
            "instance_reference": 8,
            "instance_rescan": 8,
            "symmetry": 0,
            "transform": [
              0.18520177900791168,
              0.98269981145858765,
              0.0012032354716211557,
              0,
              -0.98256766796112061,
              0.18519672751426697,
              -0.016218507662415504,
              0,
              -0.016160760074853897,
              0.0018214358715340495,
              0.99986773729324341,
              0,
              2.4709172248840332,
              1.0744529962539673,
              -0.14824776351451874,
              1
            ]
          },
          {
            "instance_reference": 9,
            "instance_rescan": 9,
            "symmetry": 0,
            "transform": [
              0.49021899700164795,
              0.86778253316879272,
              -0.081479720771312714,
              0,
              -0.87105554342269897,
              0.48446574807167053,
              -0.080965101718902588,
              0,
              -0.030785953626036644,
              0.1106639951467514,
              0.99338096380233765,
              0,
              1.3084441423416138,
              0.87769651412963867,
              -0.017340824007987976,
              1
            ]
          }
        ],
        "transform": [
          0.24890555441379547,
          -0.96852248907089233,
          -0.0032107590232044458,
          0,
          0.96850961446762085,
          0.24887922406196594,
          0.0069504827260971069,
          0,
          -0.0059326076880097389,
          -0.0048396647907793522,
          0.99997073411941528,
          0,
